100
3 2 2
59 636 995
4 2 3
316 917 126
513 513 512
210 42 217
291 600 80
5 2 2
346 628 996
4 5 2
742 978 982
679 76 58
2 1 1
142 552 112
961 208 204
594 246 391
512 512 2
4 3 2
1 4 1
862 627 992
999 67 196
103 143 88
80 763 44
412 475 292
371 352 43
1 1 1
365 740 848
5 5 5
856 215 206
908 811 818
2 2 4
430 857 171
513 513 1
7 8 5
512 512 513
2 1 5
45 56 35
391 792 896
596 359 25
518 395 280
512 512 256
27 887 944
26 871 635
71 850 1
1 3 1
766 829 33
479 734 922
108 405 451
5 3 3
12 754 10
1 3 1
4 1 1
769 956 739
1000 1000 1
513 513 2
3 2 2
718 486 316
470 203 128
157 117 622
391 658 250
512 512 257
4 3 1
223 221 194
299 347 92
375 786 354
4 5 3
366 808 216
991 787 878
513 513 256
111 612 49
336 635 845
881 62 36
276 637 898
3 4 2
1 1 1000
1 5 4
18 216 7
65 899 43
5 1 1
180 71 51
801 250 771
372 180 143
991 671 396
107 43 653
793 579 139
513 513 257
346 646 14
809 608 672
935 505 314
502 105 681
809 517 22
446 862 721
543 111 86
512 512 1
4 5 5
1 3 5
601 332 545
395 52 47
387 461 721
866 495 206
